gene	gene_name	zscore	effect_size	pvalue	var_g	pred_perf_r2	pred_perf_pval	pred_perf_qval	n_snps_used	n_snps_in_cov	n_snps_in_model	Pvalue	Pvalue_FDR	Pvalue_bonferroni	Region
ENSG00000186868	MAPT	15.7684300243	1.02777674359	5.13094129944e-56	0.0229262934375	0.37979381414	4.22052282219e-12	4.60312125894e-11	8	19	19	5.13094129944e-56	2.45053756461254e-52	2.45053756461254e-52	Brain_Cerebellum
ENSG00000238083	LRRC37A2	-15.4582989441	-0.365556286785	6.63270440469e-54	0.17529751909	0.584098761425	7.79163976486e-19	1.89692635302e-16	32	43	43	6.63270440469e-54	2.09858767364392e-50	2.09858767364392e-50	Brain_Frontal_Cortex_BA9
ENSG00000185829	ARL17A	-15.1586613774	-0.363842334758	6.64090663644e-52	0.17292172329	0.381300559299	5.52346044288e-11	1.50528700846e-09	50	54	54	6.64090663644e-52	1.05059142988481e-48	2.10118285976962e-48	Brain_Frontal_Cortex_BA9
ENSG00000176681	LRRC37A	-14.9783617568	-0.299042933751	1.01692924663e-50	0.21853282085	0.589343973813	1.69321503043e-18	2.44316309157e-16	24	29	29	1.01692924663e-50	4.23652724146058e-47	4.23652724146058e-47	Brain_Cerebellar_Hemisphere
ENSG00000185829	ARL17A	-14.9481459315	-0.433280581889	1.60146093313e-50	0.114855894056	0.415636369044	3.08755566285e-12	1.09224966295e-10	22	28	28	1.60146093313e-50	4.93089821310727e-47	4.93089821310727e-47	Brain_Nucleus_accumbens_basal_ganglia
ENSG00000238083	LRRC37A2	-14.8968720848	-0.322063071019	3.45373604129e-50	0.185122423334	0.578588509951	5.26003827966e-18	6.31817656151e-16	42	47	47	3.45373604129e-50	7.19413217400707e-47	1.43882643480141e-46	Brain_Cerebellar_Hemisphere
ENSG00000238083	LRRC37A2	-14.5413337108	-0.517561198339	6.62884302223e-48	0.0756732541644	0.53137823414	3.87930500394e-13	9.56785262167e-11	20	38	38	6.62884302223e-48	1.72747649159314e-44	1.72747649159314e-44	Brain_Anterior_cingulate_cortex_BA24
ENSG00000185829	ARL17A	-14.3675934086	-0.414349960516	8.26537936699e-47	0.116480734913	0.324200037106	6.34264542127e-10	8.71252858866e-09	13	20	20	8.26537936699e-47	2.94908735814203e-43	2.94908735814203e-43	Brain_Caudate_basal_ganglia
ENSG00000185829	ARL17A	-14.2483074063	-0.517185591765	4.59278366187e-46	0.0651375136884	0.1582004613	0.000236001846935	0.00128502351707	17	23	23	4.59278366187e-46	1.10777941924304e-42	1.10777941924304e-42	Brain_Hypothalamus
ENSG00000238083	LRRC37A2	-14.1780796255	-0.710951512931	1.25226703493e-45	0.0392157419502	0.422094663499	5.31283137994e-11	3.0795422865e-09	14	30	30	1.25226703493e-45	3.11939718401063e-42	3.11939718401063e-42	Brain_Hippocampus
ENSG00000176681	LRRC37A	-14.0633044712	-0.265219751819	6.38345051565e-45	0.298905995472	0.554453184943	6.69324364553e-19	7.09671545084e-17	46	67	67	6.38345051565e-45	1.13880757199196e-41	2.27761514398392e-41	Brain_Caudate_basal_ganglia
ENSG00000238083	LRRC37A2	-13.9606989959	-0.471684023726	2.70765174149e-44	0.0937052415545	0.601310339398	2.77938800343e-21	4.96325185781e-19	21	37	37	2.70765174149e-44	3.22030047121211e-41	9.66090141363632e-41	Brain_Caudate_basal_ganglia
ENSG00000225190	PLEKHM1	13.9483549049	0.281999769562	3.21945930303e-44	0.219694481305	0.477640305523	6.57471127624e-14	2.09520639757e-12	24	39	39	3.21945930303e-44	4.47075581880766e-41	1.3412267456423e-40	Brain_Cerebellar_Hemisphere
ENSG00000176681	LRRC37A	-13.90808346	-0.401152456885	5.65751770927e-44	0.129197273033	0.555022283657	1.67098160942e-17	2.17934758965e-15	29	42	42	5.65751770927e-44	5.96679534404343e-41	1.79003860321303e-40	Brain_Frontal_Cortex_BA9
ENSG00000238083	LRRC37A2	-13.7919710802	-0.212285344896	2.84868687426e-43	0.363440847482	0.697411725997	3.32176217133e-22	4.11175594381e-19	44	60	60	2.84868687426e-43	3.43551637035756e-40	6.87103274071512e-40	Brain_Hypothalamus
ENSG00000176681	LRRC37A	-13.7566977119	-0.220001334191	4.64253154441e-43	0.360699173907	0.615055623153	4.75576404279e-18	3.5320784683e-15	40	52	52	4.64253154441e-43	3.73259536170564e-40	1.11977860851169e-39	Brain_Hypothalamus
ENSG00000238083	LRRC37A2	-13.7508839234	-0.431421695055	5.03110574221e-43	0.103018841678	0.619429568156	8.55461531705e-21	3.26164607415e-18	29	52	52	5.03110574221e-43	7.74538729013229e-40	1.54907745802646e-39	Brain_Nucleus_accumbens_basal_ganglia
ENSG00000185829	ARL17A	-13.7264826205	-0.400065598512	7.04726306551e-43	0.100946042609	0.335132018776	6.48061676893e-10	8.81039306854e-09	37	45	45	7.04726306551e-43	2.50177838825605e-39	2.50177838825605e-39	Brain_Cortex
ENSG00000185829	ARL17A	-13.6967860551	-0.275235197594	1.06118480201e-42	0.207361062639	0.600353362052	5.14577679658e-19	9.45318646074e-17	38	55	55	1.06118480201e-42	1.10522397129341e-39	4.42089588517366e-39	Brain_Cerebellar_Hemisphere
ENSG00000185294	SPPL2C	-13.6072515645	-0.477665471203	3.62626200507e-42	0.0807879051514	0.158110181499	3.19503834038e-05	7.43014709925e-05	16	18	18	3.62626200507e-42	8.65951366810716e-39	1.73190273362143e-38	Brain_Cerebellum
ENSG00000176681	LRRC37A	-12.8164170158	-0.273425121867	1.32691897823e-37	0.169652702228	0.508070256323	3.77074224566e-16	2.45873540624e-14	28	43	43	1.32691897823e-37	2.35528118635825e-34	4.7105623727165e-34	Brain_Cortex
ENSG00000176681	LRRC37A	-12.6469053969	-0.541698325852	1.16368773209e-36	0.052564347852	0.38572092114	5.86631537517e-09	2.00554596225e-07	23	34	34	1.16368773209e-36	1.51628511491327e-33	3.03257022982654e-33	Brain_Anterior_cingulate_cortex_BA24
ENSG00000225190	PLEKHM1	-12.5821429095	-0.431382495791	2.64749361623e-36	0.0690840363711	0.28014595108	2.95169065812e-08	2.65132814557e-07	21	32	32	2.64749361623e-36	3.13286744587217e-33	9.3986023376165e-33	Brain_Cortex
ENSG00000184922	FMNL1	12.5674209339	0.527566074076	3.18959966761e-36	0.0436630510537	0.157470369565	3.32605861729e-05	7.68969669003e-05	17	30	30	3.18959966761e-36	5.07784267083512e-33	1.52335280125054e-32	Brain_Cerebellum
ENSG00000186868	MAPT	12.4374234329	0.597907937043	1.63699600634e-35	0.0371622782099	0.183397549272	2.05789215915e-05	0.000109390281289	29	43	43	1.63699600634e-35	1.29486384101494e-32	5.17945536405976e-32	Brain_Frontal_Cortex_BA9
ENSG00000176681	LRRC37A	-12.4263510644	-0.298434783782	1.88022747708e-35	0.17216846331	0.518893936739	3.99406885926e-16	4.89481603902e-14	43	57	57	1.88022747708e-35	1.92974013397644e-32	5.78922040192932e-32	Brain_Nucleus_accumbens_basal_ganglia
ENSG00000186868	MAPT	12.3720018402	0.592589980284	3.70471538737e-35	0.032166308328	0.219936844272	3.56081046072e-06	1.27822058065e-05	11	30	30	3.70471538737e-35	3.08676886075668e-32	1.54338443037834e-31	Brain_Cerebellar_Hemisphere
ENSG00000176681	LRRC37A	-12.109628713	-0.326121100175	9.39183200385e-34	0.130936965871	0.616436214653	9.65990801343e-23	1.62713818899e-20	21	46	46	9.39183200385e-34	1.12138474125969e-30	4.48553896503876e-30	Brain_Cerebellum
ENSG00000138722	MMRN1	12.0268375347	0.167426874252	2.56810347155e-33	0.358818664532	0.183930613455	0.000170749017343	0.000905661300664	64	69	69	2.56810347155e-33	2.23082588228643e-30	6.6924776468593e-30	Brain_Anterior_cingulate_cortex_BA24
ENSG00000238083	LRRC37A2	-11.7062668389	-0.24464604659	1.18377893113e-31	0.22468267541	0.670092506663	4.5961048949e-26	1.80641763507e-23	20	39	39	1.18377893113e-31	1.13074563501538e-28	5.65372817507688e-28	Brain_Cerebellum
ENSG00000225190	PLEKHM1	11.6319791262	0.251435542119	2.83448485892e-31	0.188513417845	0.598543414151	9.79762480986e-22	1.28359430743e-19	34	57	57	2.83448485892e-31	2.25624994770032e-28	1.35374996862019e-27	Brain_Cerebellum
ENSG00000117280	RAB7L1	11.2335679918	0.438862047453	2.78980528372e-29	0.0452085828597	0.0641208543309	0.0217126333704	0.0346524935719	13	13	13	2.78980528372e-29	7.71660141476952e-26	7.71660141476952e-26	Brain_Putamen_basal_ganglia
ENSG00000238083	LRRC37A2	-10.9612693108	-0.191531409807	5.86706321143e-28	0.27323875081	0.631398201871	4.36180923997e-22	1.27986490503e-19	33	53	53	5.86706321143e-28	5.20701860014413e-25	2.08280744005765e-24	Brain_Cortex
ENSG00000185829	ARL17A	-10.7858960662	-0.243397644259	4.01312937982e-27	0.182329359905	0.53593648936	1.55857846113e-18	6.97866451278e-17	25	45	45	4.01312937982e-27	2.73810084543147e-24	1.91667059180203e-23	Brain_Cerebellum
ENSG00000184922	FMNL1	10.7057937436	0.434929845021	9.56077612734e-27	0.0527417470785	0.229149738047	2.08423913695e-06	8.02606908756e-06	16	25	25	9.56077612734e-27	6.63836555774974e-24	3.98301933464984e-23	Brain_Cerebellar_Hemisphere
ENSG00000120088	CRHR1	10.6191954447	2.43741708332	2.42643365203e-26	0.00270966754445	0.0579248920262	0.0294001405345	0.0427744850354	10	18	18	2.42643365203e-26	3.35575774075749e-23	6.71151548151498e-23	Brain_Putamen_basal_ganglia
ENSG00000176681	LRRC37A	-10.5300445742	-0.544317282036	6.28047340064e-26	0.036162308138	0.520120727139	3.11599669815e-14	4.28127710318e-12	7	22	22	6.28047340064e-26	7.82232962049712e-23	1.56446592409942e-22	Brain_Hippocampus
ENSG00000176681	LRRC37A	-10.4557782368	-0.276406612502	1.37862284666e-25	0.176270412377	0.526656850537	1.23219210003e-14	2.47679185167e-12	41	61	61	1.37862284666e-25	1.27109026462052e-22	3.81327079386156e-22	Brain_Putamen_basal_ganglia
ENSG00000130787	HIP1R	-10.3666667938	-0.600731230916	3.51574778578e-25	0.0313399371355	0.0681233832961	0.00774694812584	0.00843954632259	1	1	1	3.51574778578e-25	2.09890142811066e-22	1.67912114248853e-21	Brain_Cerebellum
ENSG00000185294	SPPL2C	-10.0754868622	-1.00289579183	7.09087354138e-24	0.00756646115585	0.125232580841	0.000668660147541	0.00113061500711	8	19	19	7.09087354138e-24	4.22008273905558e-21	2.95405791733891e-20	Brain_Cerebellar_Hemisphere
ENSG00000238083	LRRC37A2	-9.92936561147	-0.245642025316	3.10222895042e-23	0.186018397163	0.529781181267	9.42772301799e-15	2.11798355838e-12	41	66	66	3.10222895042e-23	2.14519131921543e-20	8.58076527686172e-20	Brain_Putamen_basal_ganglia
ENSG00000172992	DCAKD	-9.32544923841	-0.186716425588	1.1051441957e-20	0.18748915688	0.10727585847	0.00266721838505	0.00730735982947	42	50	50	1.1051441957e-20	6.1136576906124e-18	3.0568288453062e-17	Brain_Putamen_basal_ganglia
ENSG00000198648	STK39	-9.13826196774	-0.296147828806	6.34640449877e-20	0.0615280253918	0.0795840343735	0.0102362214076	0.0200682564686	13	14	14	6.34640449877e-20	2.92569247393297e-17	1.75541548435978e-16	Brain_Putamen_basal_ganglia
ENSG00000136243	NUPL2	8.84178190479	0.260910469195	9.42039716204e-19	0.0774404678169	0.174519307976	3.09472128663e-05	0.000146272868833	8	8	8	9.42039716204e-19	7.25135071548029e-16	2.90054028619212e-15	Brain_Nucleus_accumbens_basal_ganglia
ENSG00000174227	PIGG	8.83696328838	6.59476508323	9.83554426477e-19	0.000129226580256	0.12684169705	0.00110154419431	0.00429679887954	2	5	5	9.83554426477e-19	5.93083319165631e-16	2.37233327666252e-15	Brain_Hypothalamus
ENSG00000136235	GPNMB	8.83154981779	0.162253446822	1.03235198947e-18	0.200455251641	0.317846422296	2.21996214172e-09	2.67148145925e-08	37	37	37	1.03235198947e-18	7.329699125237e-16	3.6648495626185e-15	Brain_Cortex
ENSG00000136235	GPNMB	8.80907505365	0.186830405995	1.26182683917e-18	0.132290594395	0.316378686874	1.1275771056e-09	1.43776026774e-08	11	12	12	1.26182683917e-18	1.12554954053964e-15	4.50219816215856e-15	Brain_Caudate_basal_ganglia
ENSG00000138722	MMRN1	8.76863753144	0.395951272968	1.80841187731e-18	0.0291896014938	0.0408947537144	0.0436206261226	0.0428737868155	6	7	7	1.80841187731e-18	1.29048271564842e-15	6.45241357824208e-15	Brain_Caudate_basal_ganglia
ENSG00000136243	NUPL2	8.67225949455	0.131418273146	4.23628878303e-18	0.255628614235	0.399927321071	7.7784468078e-13	9.96906771796e-12	35	35	35	4.23628878303e-18	2.24805724752792e-15	2.02325152277513e-14	Brain_Cerebellum
ENSG00000180346	TIGD2	-8.63523054557	-0.27111409449	5.86087154622e-18	0.0755521488033	0.0419179863089	0.0380288763659	0.031268639512	37	40	40	5.86087154622e-18	2.79915225047467e-15	2.79915225047467e-14	Brain_Cerebellum
ENSG00000136243	NUPL2	8.62345159822	0.115211634997	6.49656415853e-18	0.323576307105	0.537304173231	3.17740681907e-16	1.98462757039e-14	36	36	36	6.49656415853e-18	3.3830857855545e-15	2.7064686284436e-14	Brain_Cerebellar_Hemisphere
ENSG00000136235	GPNMB	8.6091378599	0.29291361083	7.36120814436e-18	0.0542131769219	0.13397554449	0.000308383747393	0.00100494424658	11	12	12	7.36120814436e-18	4.53303197529689e-15	2.26651598764844e-14	Brain_Nucleus_accumbens_basal_ganglia
ENSG00000004468	CD38	-8.52148645626	-0.228025897905	1.57518436979e-17	0.099190797708	0.16767205811	2.33348758994e-05	9.22760389774e-05	15	18	18	1.57518436979e-17	9.36709638568453e-15	5.62025783141072e-14	Brain_Caudate_basal_ganglia
ENSG00000136243	NUPL2	8.44890851134	0.168670923812	2.94038769239e-17	0.142872257228	0.151545877862	0.000725404983775	0.00280490180685	43	43	43	2.94038769239e-17	1.91566258159208e-14	7.66265032636834e-14	Brain_Anterior_cingulate_cortex_BA24
ENSG00000136235	GPNMB	8.43312833609	0.177608491246	3.36545282585e-17	0.149569988978	0.196015843318	1.39606666897e-05	4.2084541925e-05	19	21	21	3.36545282585e-17	1.55783071916568e-14	1.40204764724911e-13	Brain_Cerebellar_Hemisphere
ENSG00000136243	NUPL2	8.34547383941	0.31613042216	7.09289202389e-17	0.0386146749886	0.0772449505753	0.00511438932229	0.00823178301761	25	25	25	7.09289202389e-17	3.61534839160565e-14	2.53074387412395e-13	Brain_Caudate_basal_ganglia
ENSG00000136235	GPNMB	8.30399111807	0.16731055173	1.0067117153e-16	0.141424453961	0.278188076831	1.9321448281e-06	2.31651851192e-05	21	21	21	1.0067117153e-16	5.2469814601436e-14	2.6234907300718e-13	Brain_Anterior_cingulate_cortex_BA24
ENSG00000108379	WNT3	-8.17883316917	-0.261926869076	2.86605589667e-16	0.0753822478773	0.071997083515	0.0147957950808	0.0263190951682	12	20	20	2.86605589667e-16	1.13250151574132e-13	7.92751061018922e-13	Brain_Putamen_basal_ganglia
ENSG00000136235	GPNMB	8.11851419291	0.230115912946	4.71925529694e-16	0.0826511995515	0.213905394107	1.38039768987e-05	0.000136289459599	12	13	13	4.71925529694e-16	2.27656875524386e-13	1.13828437762193e-12	Brain_Hypothalamus
ENSG00000136243	NUPL2	7.99410686875	0.180320396556	1.3051651548e-15	0.151935238344	0.270994404387	5.42825496602e-08	4.56168112762e-07	16	16	16	1.3051651548e-15	7.626451927125e-13	4.63333629954e-12	Brain_Cortex
ENSG00000004468	CD38	-7.97663166147	-0.291600549228	1.50380742225e-15	0.0499442244641	0.0523324997571	0.0249700130317	0.0293083058474	13	14	14	1.50380742225e-15	7.626451927125e-13	5.3385163489875e-12	Brain_Cortex
ENSG00000136235	GPNMB	7.86874089328	0.125471807975	3.58228232676e-15	0.254858292905	0.416541530726	5.92207236558e-11	2.93729574357e-09	32	36	36	3.58228232676e-15	1.23857411447727e-12	9.90859291581816e-12	Brain_Putamen_basal_ganglia
ENSG00000145217	SLC26A1	7.709749976	0.113967322313	1.2606446602e-14	0.283642258647	0.342621475447	1.69662170279e-09	1.53582638506e-08	42	63	63	1.2606446602e-14	5.2518456543932e-12	5.2518456543932e-11	Brain_Cerebellar_Hemisphere
ENSG00000136243	NUPL2	7.6262608956	0.224050971596	2.41660517531e-14	0.0820038794173	0.120548426196	0.000696805503022	0.00199584907807	19	19	19	2.41660517531e-14	1.52922775493617e-11	7.64613877468084e-11	Brain_Frontal_Cortex_BA9
ENSG00000103496	STX4	7.4288907	0.450737651863	1.09512188871e-13	0.0203194640057	0.0422343541744	0.0402463583615	0.0403713278655	4	4	4	1.09512188871e-13	4.8842436236466e-11	3.90739489891728e-10	Brain_Caudate_basal_ganglia
ENSG00000136235	GPNMB	7.40248809488	0.201982150065	1.33656179915e-13	0.084025812804	0.126372808805	0.00112694031157	0.00429222095922	15	15	15	1.33656179915e-13	1.05262385675933e-10	3.32937544168265e-10	Brain_Hippocampus
ENSG00000198315	ZKSCAN8	-7.38590906882	-0.162768842046	1.51415251566e-13	0.123341290652	0.113098842653	0.000981187822519	0.00257015734518	24	28	28	1.51415251566e-13	7.7701259928619e-11	4.66207559571714e-10	Brain_Nucleus_accumbens_basal_ganglia
ENSG00000136243	NUPL2	7.37125567251	0.154317586951	1.6902831903e-13	0.115056558606	0.180650818093	7.65074282511e-05	0.000545808599089	27	27	27	1.6902831903e-13	1.05262385675933e-10	4.2104954270373e-10	Brain_Hippocampus
ENSG00000117280	RAB7L1	7.3417101738	0.288803598775	2.10881669717e-13	0.0458470302044	0.0721716950615	0.00922074273183	0.015066954195	9	9	9	2.10881669717e-13	9.27578087226633e-11	6.49304661058643e-10	Brain_Nucleus_accumbens_basal_ganglia
ENSG00000108379	WNT3	-7.29115110618	-0.344462582057	3.0731784486e-13	0.0407944022917	0.12322510469	0.000560705722806	0.00161956135688	6	8	8	3.0731784486e-13	1.18278955540493e-10	9.4623164432394e-10	Brain_Nucleus_accumbens_basal_ganglia
ENSG00000103510	KAT8	-7.24081685015	-0.114338524422	4.45990344277e-13	0.30134285645	0.309650517388	3.93966632266e-09	4.3898639998e-08	38	59	59	4.45990344277e-13	1.97908215272919e-10	1.58326572218335e-09	Brain_Cortex
ENSG00000004468	CD38	-7.22891691968	-0.136524569827	4.8686114224e-13	0.204686640461	0.241771124428	2.71680771329e-06	2.64719760803e-05	56	58	58	4.8686114224e-13	1.49628657715093e-10	1.34665791943584e-09	Brain_Putamen_basal_ganglia
ENSG00000159314	ARHGAP27	-7.13943723325	-0.180632366612	9.37137983776e-13	0.101648942704	0.0776994449221	0.0112165135537	0.021429388702	30	34	34	9.37137983776e-13	2.59212366312442e-10	2.59212366312442e-09	Brain_Putamen_basal_ganglia
ENSG00000164733	CTSB	-7.01350635053	-0.24189597395	2.3241841116e-12	0.0497587347013	0.162921470846	6.02159537373e-05	0.000255155867617	13	16	16	2.3241841116e-12	7.95129208846267e-10	7.1561628796164e-09	Brain_Nucleus_accumbens_basal_ganglia
ENSG00000164733	CTSB	-6.73780254327	-0.22223709524	1.60799880494e-11	0.0561792909381	0.0997777140388	0.00384171860387	0.00965265210502	10	10	10	1.60799880494e-11	4.0433860858764e-09	4.44772469446404e-08	Brain_Putamen_basal_ganglia
ENSG00000103496	STX4	-6.73104442347	-0.247635908744	1.68449522622e-11	0.0590058525235	0.122465738779	0.000290585995059	0.000514973503763	12	12	12	1.68449522622e-11	7.31377200038793e-09	8.04514920042672e-08	Brain_Cerebellum
ENSG00000103496	STX4	6.65187145725	0.267074107249	2.89389401251e-11	0.0423875225712	0.116817846665	0.000854548776862	0.00234025691549	16	16	16	2.89389401251e-11	1.52604677593027e-08	9.15628065558164e-08	Brain_Frontal_Cortex_BA9
ENSG00000185829	ARL17A	-6.60378891652	-0.39993567383	4.0078007507e-11	0.0198791690298	0.253401701605	1.43279354928e-06	1.61894318673e-05	7	19	19	4.0078007507e-11	9.2379807303635e-09	1.10855768764362e-07	Brain_Putamen_basal_ganglia
ENSG00000136448	NMT1	6.48323087004	0.164867822537	8.97789551116e-11	0.114614996381	0.222962229519	2.98830738628e-06	1.09665976367e-05	39	55	55	8.97789551116e-11	3.40017388177205e-08	3.74019126994926e-07	Brain_Cerebellar_Hemisphere
ENSG00000196812	ZSCAN16	-6.43474792066	-0.319762306683	1.2367841369e-10	0.0260837573096	0.0444298163328	0.0473946473646	0.0379122086764	13	19	19	1.2367841369e-10	4.29370226193783e-08	5.1524427143254e-07	Brain_Cerebellar_Hemisphere
ENSG00000103510	KAT8	-6.38456665161	-0.160027178223	1.71883507738e-10	0.108279793445	0.194998611353	9.38477440739e-06	5.29662365712e-05	17	17	17	1.71883507738e-10	5.29229320325302e-08	5.29229320325302e-07	Brain_Nucleus_accumbens_basal_ganglia
ENSG00000103510	KAT8	-6.3061689629	-0.132987052014	2.86026784333e-10	0.145904437944	0.1468002635	0.000163461542973	0.000607878761523	26	41	41	2.86026784333e-10	1.29284106518516e-07	9.04988745629612e-07	Brain_Frontal_Cortex_BA9
ENSG00000181513	ACBD4	6.28442198888	0.176841398848	3.29075725918e-10	0.11745197911	0.0589462734515	0.0190320382988	0.0261439814505	43	51	51	3.29075725918e-10	9.21112872819565e-08	1.01322416010152e-06	Brain_Nucleus_accumbens_basal_ganglia
ENSG00000156873	PHKG2	6.23966932297	2.5481378681	4.38496869796e-10	0.000436930490681	0.0664353144909	0.01311914122	0.0201977776093	1	1	1	4.38496869796e-10	1.73425512004318e-07	1.38740409603454e-06	Brain_Frontal_Cortex_BA9
ENSG00000103496	STX4	6.13061975377	0.228525480195	8.75373970402e-10	0.0551164767079	0.0515576272855	0.0286131434691	0.0353718364558	21	30	30	8.75373970402e-10	2.22596617621765e-07	2.69527645486776e-06	Brain_Nucleus_accumbens_basal_ganglia
ENSG00000122550	KLHL7	-6.1193062395	-0.10620069349	9.39836319936e-10	0.243763662182	0.0643062164104	0.0141804363554	0.0208303042977	54	55	55	9.39836319936e-10	2.22596617621765e-07	2.89375602908294e-06	Brain_Nucleus_accumbens_basal_ganglia
ENSG00000136235	GPNMB	6.1111659655	0.128291182376	9.89058410466e-10	0.152644330214	0.125287945752	0.000244497935559	0.000443063654264	40	41	41	9.89058410466e-10	3.93645247365468e-07	4.72374296838562e-06	Brain_Cerebellum
ENSG00000117280	RAB7L1	6.06140353908	0.0911568800641	1.34938805595e-09	0.3634105421	0.118933033056	0.000579730461788	0.00141168089201	77	90	90	1.34938805595e-09	5.32258622069167e-07	4.7903275986225e-06	Brain_Cortex
ENSG00000103510	KAT8	-6.05123162002	-0.274228037002	1.43742599739e-09	0.0346018350582	0.0731977142017	0.0139571568087	0.0252506996221	10	10	10	1.43742599739e-09	3.05840023752365e-07	3.97592030878074e-06	Brain_Putamen_basal_ganglia
ENSG00000099365	STX1B	-6.0010318573	-0.178231672685	1.96067513925e-09	0.087529264413	0.205757972474	1.49501954013e-06	5.00313963129e-06	16	17	17	1.96067513925e-09	7.20321881927538e-07	9.364184465058e-06	Brain_Cerebellum
ENSG00000225190	PLEKHM1	-5.95970221622	-0.109126241657	2.5269798773e-09	0.227309662253	0.286893199709	9.34818323262e-09	9.58230430675e-08	52	75	75	2.5269798773e-09	1.00180713357849e-06	9.0162642022064e-06	Brain_Caudate_basal_ganglia
ENSG00000145217	SLC26A1	5.94287900038	0.0731147503464	2.80059164474e-09	0.399831382097	0.534826154801	1.76025505829e-18	7.68707864167e-17	28	31	31	2.80059164474e-09	9.55401835377017e-07	1.33756256952782e-05	Brain_Cerebellum
ENSG00000103510	KAT8	-5.92034986542	-0.11389988161	3.2125745137e-09	0.188158029796	0.276783237881	1.19150696287e-07	6.47702933745e-07	16	17	17	3.2125745137e-09	1.02950657108263e-06	1.33835854240742e-05	Brain_Cerebellar_Hemisphere
ENSG00000108379	WNT3	-5.86265839889	-0.121966275118	4.55514723086e-09	0.162100890689	0.337599679723	1.23928570538e-10	9.97090400391e-10	17	27	27	4.55514723086e-09	1.45035887830582e-06	2.17553831745874e-05	Brain_Cerebellum
ENSG00000228696	ARL17B	5.85183193477	0.206782099265	4.86187793951e-09	0.0697556086206	0.173813737139	2.38492438905e-05	9.619202768e-05	23	35	35	4.86187793951e-09	1.63588346110736e-06	1.72596666852605e-05	Brain_Cortex
ENSG00000108379	WNT3	-5.84489316853	-0.0849230953946	5.06893466822e-09	0.373739775467	0.593702814804	4.36568091637e-20	9.60750714439e-18	13	16	16	5.06893466822e-09	1.63588346110736e-06	1.7994718072181e-05	Brain_Cortex
ENSG00000145214	DGKQ	-5.77313549076	-0.130749900985	7.78098237973e-09	0.174258242321	0.226173409536	7.23100396476e-06	8.10421062148e-05	35	42	42	7.78098237973e-09	3.87648542158149e-06	1.93824271079074e-05	Brain_Hippocampus
ENSG00000103510	KAT8	-5.71698706027	-0.134128994827	1.08429370226e-08	0.111536873113	0.154054504736	5.36896739434e-05	0.00018664299076	23	28	28	1.08429370226e-08	3.86875992966368e-06	3.86875992966368e-05	Brain_Caudate_basal_ganglia
ENSG00000214871	AC005082.1	5.69095684975	0.100452983207	1.26329432531e-08	0.201981610762	0.139211175732	0.000316855602569	0.000605970395336	60	64	64	1.26329432531e-08	3.75920297088676e-06	5.26288415924146e-05	Brain_Cerebellar_Hemisphere
ENSG00000103510	KAT8	-5.66771667838	-0.210151088001	1.447129931e-08	0.0477297009772	0.108176541446	0.00271763585032	0.00843082613695	8	8	8	1.447129931e-08	5.81746232262e-06	3.490477393572e-05	Brain_Hypothalamus
ENSG00000163749	CCDC158	-5.66502459319	-0.232005884453	1.47003450786e-08	0.0428845043128	0.044661448662	0.0348018338236	0.036142961124	21	22	22	1.47003450786e-08	4.76825738549498e-06	5.24508312404448e-05	Brain_Caudate_basal_ganglia
ENSG00000189157	FAM47E	-5.65344551131	-0.0816496363708	1.57262981685e-08	0.381444416534	0.416619409922	5.89001498911e-11	2.93729574357e-09	65	67	67	1.57262981685e-08	3.10706719529079e-06	4.3498940734071e-05	Brain_Putamen_basal_ganglia
ENSG00000164733	CTSB	-5.6221843798	-0.119821640867	1.88557855201e-08	0.128610128658	0.230794250598	4.22902916173e-07	2.89871966682e-06	20	24	24	1.88557855201e-08	5.60645356130973e-06	6.72774427357168e-05	Brain_Caudate_basal_ganglia
ENSG00000185829	ARL17A	-5.62072847716	-0.122914482226	1.90153929246e-08	0.17709024221	0.314959826519	5.03993908081e-08	1.22676943954e-06	37	58	58	1.90153929246e-08	7.8945572958631e-06	4.73673437751786e-05	Brain_Hippocampus
ENSG00000004468	CD38	-5.58870175426	-0.184297957689	2.28773476582e-08	0.0692952174248	0.0562802083796	0.0220413027694	0.0291637521991	28	30	30	2.28773476582e-08	5.0313823885427e-06	7.04393534395978e-05	Brain_Nucleus_accumbens_basal_ganglia
ENSG00000117280	RAB7L1	5.53845395676	0.125533785736	3.05153447268e-08	0.142483603033	0.0964852427059	0.00140625835389	0.00198339094064	20	22	22	3.05153447268e-08	9.1088304009498e-06	0.000145741286415197	Brain_Cerebellum
ENSG00000204472	AIF1	-5.50438928091	-2.48936384533	3.70450184245e-08	0.000349255807067	0.0489667858927	0.0330373277962	0.0393359636294	2	33	33	3.70450184245e-08	7.60410744860237e-06	0.000114061611729036	Brain_Nucleus_accumbens_basal_ganglia
ENSG00000108379	WNT3	-5.4964825088	-0.147057727979	3.87441503926e-08	0.10204289115	0.280274224845	9.59746202967e-08	5.32383036682e-07	7	9	9	3.87441503926e-08	1.07605420357048e-05	0.000161408130535572	Brain_Cerebellar_Hemisphere
ENSG00000099365	STX1B	-5.43721825391	-0.215040984232	5.41188308727e-08	0.0502819904048	0.0840453059285	0.00865896881088	0.0190191063474	14	14	14	5.41188308727e-08	1.9258572529128e-05	0.000134810007703896	Brain_Hippocampus
ENSG00000163749	CCDC158	-5.43435447077	-0.171118465642	5.49951594228e-08	0.0829562227837	0.0993891623745	0.00220608236145	0.00499149977169	27	29	29	5.49951594228e-08	1.93338538237488e-05	0.000174004684413739	Brain_Frontal_Cortex_BA9
ENSG00000102870	ZNF629	-5.40517234802	-3.46380899662	6.47461056886e-08	0.000171838639622	0.0883881461618	0.00703124082234	0.0163843426943	1	1	1	6.47461056886e-08	2.01603186587878e-05	0.000161282549270303	Brain_Hippocampus
ENSG00000164615	CAMLG	-5.36382394423	-0.0737124443344	8.14783229854e-08	0.270221508771	0.36131445405	1.88340295584e-10	3.89326546511e-09	24	25	25	8.14783229854e-08	1.56794847795029e-05	0.000250871756472047	Brain_Nucleus_accumbens_basal_ganglia
ENSG00000103510	KAT8	-5.36146201017	-0.119238124735	8.25510849588e-08	0.12789440661	0.221523392333	5.24988516368e-07	1.97347178803e-06	21	25	25	8.25510849588e-08	2.31919989272488e-05	0.000394263981763229	Brain_Cerebellum
ENSG00000108379	WNT3	-5.35935629453	-0.1681289276	8.35189976102e-08	0.0755544062468	0.207460225142	1.93232379116e-05	0.000177875022671	16	21	21	8.35189976102e-08	2.31162025607787e-05	0.000208045823047008	Brain_Hippocampus
ENSG00000214871	AC005082.1	5.32583123505	0.0988800366496	1.00492404161e-07	0.199837551314	0.124654824718	0.000418165434727	0.00108185414825	66	71	71	1.00492404161e-07	2.89876177587692e-05	0.00035674803477155	Brain_Cortex
ENSG00000145214	DGKQ	5.31586498658	0.123270353925	1.0615183968e-07	0.134705081527	0.230527180885	7.41229634692e-07	4.43868327322e-06	17	17	17	1.0615183968e-07	2.89876177587692e-05	0.000376839030864	Brain_Cortex
ENSG00000069275	NUCKS1	-5.26936162939	-0.199840992204	1.36899022956e-07	0.0495827007648	0.0780403189131	0.00488204320956	0.00791034960013	8	8	8	1.36899022956e-07	3.75735164543852e-05	0.000488455713907008	Brain_Caudate_basal_ganglia
ENSG00000168517	HEXIM2	5.26348592886	0.142531967607	1.41349330678e-07	0.0785668955885	0.0395037280099	0.061870374679	0.0467739182677	25	38	38	1.41349330678e-07	3.68038319752842e-05	0.000588861311604548	Brain_Cerebellar_Hemisphere
ENSG00000228696	ARL17B	5.26267774712	0.158366004566	1.41972296517e-07	0.0815348353877	0.109116415185	0.001221708038	0.00309532006547	25	31	31	1.41972296517e-07	2.57136882926966e-05	0.000437132700975843	Brain_Nucleus_accumbens_basal_ganglia
ENSG00000158715	SLC45A3	5.23785204224	0.144087409419	1.62456215811e-07	0.0997816012404	0.068317896377	0.0176956934651	0.030023186408	49	56	56	1.62456215811e-07	2.95246387909151e-05	0.000449353892933226	Brain_Putamen_basal_ganglia
ENSG00000103510	KAT8	-5.23243438634	-0.0905503962862	1.67292044427e-07	0.207550628374	0.22064255792	9.68839716355e-06	0.00010217199701	32	35	35	1.67292044427e-07	4.16724482667657e-05	0.000416724482667657	Brain_Hippocampus
ENSG00000235109	ZSCAN31	5.22550979302	0.139058605744	1.73675927866e-07	0.0920303779784	0.143368014497	0.000452081304018	0.00181742974989	32	38	38	1.73675927866e-07	2.95246387909151e-05	0.000480387616477356	Brain_Putamen_basal_ganglia
ENSG00000178226	PRSS36	-5.22149782324	-0.140291609632	1.77481716195e-07	0.0892199369781	0.121336113945	0.00143902543825	0.00528041440731	12	15	15	1.77481716195e-07	6.115512849462e-05	0.00042808589946234	Brain_Hypothalamus
ENSG00000164615	CAMLG	-5.21812764099	-0.0853173197563	1.80740897311e-07	0.206469569472	0.269758214107	3.07988889711e-08	2.83960523159e-07	31	31	31	1.80740897311e-07	4.60631086861177e-05	0.000644883521605648	Brain_Caudate_basal_ganglia
ENSG00000178226	PRSS36	-5.21739177823	-0.118681354635	1.81460180566e-07	0.146700037378	0.11299204804	0.00201816212653	0.00591075763018	17	21	21	1.81460180566e-07	2.95246387909151e-05	0.000501918859445556	Brain_Putamen_basal_ganglia
ENSG00000177352	CCDC71	-5.20514107189	-0.105666160803	1.93849285948e-07	0.148231731894	0.162534471335	2.41832257577e-05	5.79104094865e-05	18	20	20	1.93849285948e-07	5.14346772048693e-05	0.000925824189687648	Brain_Cerebellum
ENSG00000185829	ARL17A	-5.19300406036	-0.172035430884	2.06927669826e-07	0.0764926064531	0.309866905611	3.82254390746e-07	6.43853717611e-06	30	65	65	2.06927669826e-07	8.9875584594426e-05	0.000539253507566556	Brain_Anterior_cingulate_cortex_BA24
ENSG00000164615	CAMLG	-5.1773231824	-0.0853370129093	2.2509210399e-07	0.203364988359	0.317548332959	4.9695840557e-09	7.31781158877e-08	31	31	31	2.2509210399e-07	7.1219141702436e-05	0.00071219141702436	Brain_Frontal_Cortex_BA9
ENSG00000164615	CAMLG	-5.17377817788	-0.0795397791557	2.29407157488e-07	0.225527408696	0.390063960791	4.64399120376e-10	2.2087008552e-08	19	20	20	2.29407157488e-07	5.19502935729644e-05	0.000571453229302608	Brain_Hippocampus
ENSG00000189157	FAM47E	-5.13561650078	-0.144148661076	2.81220604442e-07	0.101471777903	0.158891805336	3.99791406629e-05	0.000145541979912	45	47	47	2.81220604442e-07	6.68930077766037e-05	0.00100339511664906	Brain_Caudate_basal_ganglia
ENSG00000108379	WNT3	-5.11222794274	-0.0815389234145	3.18381321341e-07	0.31092370152	0.445108402123	3.82863750779e-13	1.62576834076e-11	18	27	27	3.18381321341e-07	9.15780455202658e-05	0.00100735850072292	Brain_Frontal_Cortex_BA9
ENSG00000169221	TBC1D10B	5.09573228258	0.125373787744	3.47395772856e-07	0.113155310934	0.0533812156795	0.0267006180883	0.0342609406732	26	29	29	3.47395772856e-07	9.1596685443032e-05	0.00109916022531638	Brain_Frontal_Cortex_BA9
ENSG00000130332	LSM7	-5.09560153004	-0.202191154694	3.47635647178e-07	0.0530197046295	0.0853117453329	0.00388236659788	0.00690763618811	13	17	17	3.47635647178e-07	8.81504676772786e-05	0.0012341065474819	Brain_Cortex
ENSG00000213672	NCKIPSD	5.08439662332	0.13181260641	3.68796565044e-07	0.0929038941934	0.133162290863	0.000322699394928	0.0010358558037	14	15	15	3.68796565044e-07	6.3084701320582e-05	0.00113552462377048	Brain_Nucleus_accumbens_basal_ganglia
ENSG00000178252	WDR6	-5.08066072865	-0.139405800479	3.7612434136e-07	0.0794571513572	0.125655849895	0.000653773692454	0.00110784322705	12	12	12	3.7612434136e-07	9.21725885944565e-05	0.00156693400610576	Brain_Cerebellar_Hemisphere
ENSG00000213658	LAT	-5.07508277331	-0.216661211101	3.87327355474e-07	0.0485229545721	0.0727004022069	0.00789303299662	0.0120888128858	13	19	19	3.87327355474e-07	9.16674741288467e-05	0.0013750121119327	Brain_Cortex
ENSG00000130332	LSM7	-5.06504956123	-0.132391424972	4.08294111885e-07	0.102701031268	0.203753959441	1.70556604949e-06	5.61095038174e-06	20	20	20	4.08294111885e-07	0.000102632246229619	0.00195001267836276	Brain_Cerebellum
ENSG00000235109	ZSCAN31	5.06334709734	0.0960480404951	4.11958811499e-07	0.179177695962	0.25831419768	2.31625895223e-07	2.23773252715e-06	25	26	26	4.11958811499e-07	0.000100264436890987	0.00130343767958284	Brain_Frontal_Cortex_BA9
ENSG00000164615	CAMLG	-5.0164642488	-0.0624771830545	5.26310645688e-07	0.319320810488	0.439302379846	1.89448530981e-13	6.06425235129e-12	20	25	25	5.26310645688e-07	0.000116775174512025	0.0018684027921924	Brain_Cortex
ENSG00000235109	ZSCAN31	4.98055865869	0.0760203577906	6.34009809556e-07	0.28081315119	0.28533487986	1.04300949866e-08	1.05952823084e-07	33	50	50	6.34009809556e-07	0.000141384187530988	0.00226214700049581	Brain_Caudate_basal_ganglia
ENSG00000069275	NUCKS1	-4.94526375086	-0.102550572397	7.60408391593e-07	0.15472759566	0.242521263927	2.60764817172e-06	2.56674048525e-05	17	18	18	7.60408391593e-07	0.000116849422841458	0.00210328961114624	Brain_Putamen_basal_ganglia
ENSG00000120913	PDLIM2	-4.9359457277	-0.107350003825	7.97632878592e-07	0.168814807364	0.154948559268	0.000103627627338	0.00041769590799	47	50	50	7.97632878592e-07	0.000180265030561792	0.00252371042786509	Brain_Frontal_Cortex_BA9
ENSG00000164615	CAMLG	-4.918713814	-0.055759662837	8.71147254275e-07	0.429655489225	0.520814340889	8.54563610803e-13	1.84422115333e-10	32	36	36	8.71147254275e-07	0.000324315677805807	0.00227020974464065	Brain_Anterior_cingulate_cortex_BA24
ENSG00000164615	CAMLG	-4.91389429865	-0.116377892902	8.92848989367e-07	0.0920497266203	0.198603247933	3.05671163029e-05	0.000256810187933	13	13	13	8.92848989367e-07	0.000269193970294151	0.0021535517623532	Brain_Hypothalamus
ENSG00000138722	MMRN1	4.90739858601	0.076246953016	9.22923499281e-07	0.326837441098	0.114455068107	0.0018789387029	0.00560618382068	83	91	91	9.22923499281e-07	0.000134358231526908	0.00255280639901125	Brain_Putamen_basal_ganglia
ENSG00000172992	DCAKD	-4.90189607865	-0.113021631672	9.49160467996e-07	0.125752985058	0.109282467476	0.00128889042676	0.00324833249166	31	36	36	9.49160467996e-07	0.000200209581382623	0.00300314372073934	Brain_Frontal_Cortex_BA9
ENSG00000077943	ITGA8	-4.89865709023	-0.145713132932	9.64938759311e-07	0.0916303778799	0.101828785905	0.00121224440982	0.00254047003904	17	20	20	9.64938759311e-07	0.000202523617248332	0.00344290149322165	Brain_Caudate_basal_ganglia
ENSG00000117533	VAMP4	-4.87525051314	-0.148518408157	1.08670459432e-06	0.0748374392028	0.201569701509	1.96833507227e-06	6.33537141093e-06	16	16	16	1.08670459432e-06	0.000259505057123616	0.00519010114247232	Brain_Cerebellum
ENSG00000228696	ARL17B	-4.8706279787	-0.118901178166	1.11244119534e-06	0.238650909005	0.14948461316	0.000363413311444	0.00183359351927	46	69	69	1.11244119534e-06	0.00029813424035112	0.00268320816316008	Brain_Hypothalamus
ENSG00000178149	DALRD3	4.85714292526	1.61391473728	1.19091633999e-06	0.000529106369814	0.0540362480082	0.0226620718262	0.0272153769607	1	1	1	1.19091633999e-06	0.000248691353350853	0.0042277530069645	Brain_Cortex
ENSG00000127418	FGFRL1	-4.84930748398	-0.126875177381	1.23893245347e-06	0.101870789095	0.142031670883	8.71462767861e-05	0.000180692677086	25	34	34	1.23893245347e-06	0.000275930874572771	0.00591714139777272	Brain_Cerebellum
ENSG00000213672	NCKIPSD	4.84784246917	0.0732394753736	1.24811447065e-06	0.304253100837	0.378616910531	8.84944374458e-09	2.72826490331e-07	25	27	27	1.24811447065e-06	0.000406573288814238	0.0032525863105139	Brain_Anterior_cingulate_cortex_BA24
ENSG00000178252	WDR6	-4.84422967584	-0.093244247767	1.27103836696e-06	0.149385008456	0.267855372157	2.16789733869e-08	1.0740172147e-07	47	49	49	1.27103836696e-06	0.000275930874572771	0.00607047924060096	Brain_Cerebellum
ENSG00000124613	ZNF391	4.83090727998	0.10878056656	1.35912290359e-06	0.151726694897	0.123791554148	0.000583325264052	0.00175072330212	45	50	50	1.35912290359e-06	0.000268766554184922	0.00430026486695876	Brain_Frontal_Cortex_BA9
ENSG00000177479	ARIH2	4.82352924347	1.65466076716	1.41040077297e-06	0.000517031372745	0.0682386398012	0.0184956153962	0.0328643789925	1	1	1	1.41040077297e-06	0.000340188666440364	0.00340188666440364	Brain_Hypothalamus
ENSG00000137343	ATAT1	-4.80822588771	-1.10193066728	1.52275644942e-06	0.00133222856541	0.0961862298229	0.00262425341408	0.0057145965146	2	67	67	1.52275644942e-06	0.000283411847409699	0.00481800140596488	Brain_Frontal_Cortex_BA9
ENSG00000113621	TXNDC15	-4.80694100615	-0.102539628621	1.53257190232e-06	0.102199329798	0.236858221274	4.96460349094e-07	3.12158560777e-06	12	12	12	1.53257190232e-06	0.000302257236290889	0.005440630253236	Brain_Cortex
ENSG00000130332	LSM7	-4.79419547079	-0.238639711128	1.63328962255e-06	0.0320487216417	0.0489362652247	0.0340784076489	0.0411810767093	17	27	27	1.63328962255e-06	0.000287096020319344	0.0051677283657482	Brain_Frontal_Cortex_BA9
ENSG00000178226	PRSS36	-4.77010337733	-0.116312011313	1.84131398115e-06	0.113291327083	0.182980160144	9.03211185436e-06	4.09145920897e-05	10	11	11	1.84131398115e-06	0.0003649893491524	0.0065698082847432	Brain_Caudate_basal_ganglia
ENSG00000196118	C16orf93	4.76596577448	0.128741082931	1.87951164852e-06	0.104407113273	0.0947184820831	0.00518989371171	0.0132596469531	30	33	33	1.87951164852e-06	0.00039015529303861	0.00468186351646332	Brain_Hippocampus
ENSG00000026950	BTN3A1	4.74239602219	0.167275795483	2.11205237394e-06	0.050173436207	0.0471869434541	0.0275185132862	0.0240704695395	20	21	21	2.11205237394e-06	0.000438572266866845	0.0100871621379374	Brain_Cerebellum
ENSG00000178222	RNF212	4.74136038801	0.158477360637	2.12287922958e-06	0.0603343071842	0.142923748132	0.000105342580421	0.000334346655545	21	28	28	2.12287922958e-06	0.00039865437321797	0.00757443309114144	Brain_Caudate_basal_ganglia
ENSG00000164048	ZNF589	4.73964721928	1.55663551243	2.14090636943e-06	0.000652048619651	0.128650547814	0.00100876177702	0.00392265719982	3	3	3	2.14090636943e-06	0.000410230597403856	0.00533299776625013	Brain_Hippocampus
ENSG00000164615	CAMLG	-4.73060578677	-0.0662402497893	2.23850839963e-06	0.280841706349	0.298118895493	2.44564853798e-09	1.44907363883e-08	44	48	48	2.23850839963e-06	0.00044546317152637	0.0106911161166329	Brain_Cerebellum
ENSG00000213672	NCKIPSD	4.73015255199	0.133454115009	2.24351186538e-06	0.0906990112037	0.124523442823	0.00123287207214	0.0047052772996	10	11	11	2.24351186538e-06	0.000491940965390596	0.00541135061929656	Brain_Hypothalamus
ENSG00000117280	RAB7L1	4.70576964737	0.107134687118	2.52909967648e-06	0.13070540055	0.0881559414496	0.0113197420124	0.0212080031807	29	33	33	2.52909967648e-06	0.000732314861878542	0.00659083375690688	Brain_Anterior_cingulate_cortex_BA24
ENSG00000164733	CTSB	-4.70370352343	-0.145319547893	2.55484168313e-06	0.0638945990664	0.0516684690719	0.0259331870875	0.0301165628146	23	26	26	2.55484168313e-06	0.000477351998690079	0.0090696879751115	Brain_Cortex
ENSG00000235109	ZSCAN31	4.69283526866	0.102595108488	2.6944445035e-06	0.145261243396	0.178963315956	8.33321094132e-05	0.000563663716187	23	30	30	2.6944445035e-06	0.0005415833452035	0.006499000142442	Brain_Hypothalamus
ENSG00000159314	ARHGAP27	-4.68959547433	-0.186330914572	2.73745685907e-06	0.0536398064934	0.189902791682	1.26570668773e-05	6.82896390075e-05	25	44	44	2.73745685907e-06	0.000443612087846133	0.00842862966907653	Brain_Nucleus_accumbens_basal_ganglia
ENSG00000160194	NDUFV3	4.67588507637	0.155890963051	2.9268849319e-06	0.0497405836041	0.0962573907374	0.00142572017337	0.00200714813254	10	10	10	2.9268849319e-06	0.000559152097390176	0.0139788024347544	Brain_Cerebellum
ENSG00000196502	SULT1A1	4.66688034759	0.172266073571	3.05807290329e-06	0.0609387513603	0.17043346152	1.96826214254e-05	7.99824326136e-05	10	13	13	3.05807290329e-06	0.000545560205946936	0.0109112041189387	Brain_Caudate_basal_ganglia
ENSG00000196118	C16orf93	4.64147243185	0.070993294032	3.45935181206e-06	0.301856742793	0.226943047468	1.38740931371e-06	1.03271988157e-05	43	57	57	3.45935181206e-06	0.000532567211466637	0.0106513442293327	Brain_Nucleus_accumbens_basal_ganglia
ENSG00000145217	SLC26A1	4.60736435446	0.0631220810408	4.07805062577e-06	0.325736894328	0.450762212184	7.08982616826e-14	2.44745166547e-12	23	30	30	4.07805062577e-06	0.000723853986074175	0.0144770797214835	Brain_Cortex
ENSG00000196296	ATP2A1	-4.59836871183	-1.47661515448	4.25811914015e-06	0.00110658318795	0.0573744565206	0.0148146411518	0.0146256464214	2	2	2	4.25811914015e-06	0.000782183731282938	0.0203367770133564	Brain_Cerebellum
ENSG00000187010	RHD	-4.56479945133	-0.117329143254	4.99972065846e-06	0.155706536453	0.37546066148	1.20384449584e-09	4.96344289217e-08	18	27	27	4.99972065846e-06	0.000889593154301704	0.0124543041602239	Brain_Hippocampus
ENSG00000058063	ATP11B	-4.54489523898	-0.120446752891	5.49625833242e-06	0.221527299096	0.067636567991	0.0190396047818	0.033508541305	60	72	72	5.49625833242e-06	0.00101976731521516	0.013256975097797	Brain_Hypothalamus
ENSG00000241852	C8orf58	4.54385948181	1.37437168264	5.52334847734e-06	0.00069998453478	0.0715362209783	0.0231272121576	0.0349635700413	1	1	1	5.52334847734e-06	0.0014393846131948	0.014393846131948	Brain_Anterior_cingulate_cortex_BA24
ENSG00000055950	MRPL43	4.54301969575	0.150591301913	5.54540680112e-06	0.0675348423802	0.122981198805	0.000281570247926	0.000501761106186	22	25	25	5.54540680112e-06	0.000966391029080391	0.0264848628821491	Brain_Cerebellum
ENSG00000163938	GNL3	-4.53849890324	-0.122844766221	5.66560904821e-06	0.0810869530077	0.181536057868	7.21761446837e-06	1.98220496351e-05	27	31	31	5.66560904821e-06	0.000966391029080391	0.027058948814251	Brain_Cerebellum
ENSG00000213672	NCKIPSD	4.5291053054	0.152077533418	5.92339735149e-06	0.07410238764	0.0702864621797	0.00680160516278	0.0075896700685	12	15	15	5.92339735149e-06	0.000975522267266077	0.0282901457507162	Brain_Cerebellum
ENSG00000131899	LLGL1	-4.52425824734	-0.145452975299	6.06076848519e-06	0.0703038916693	0.111012058785	0.000705876478039	0.00164263821516	17	27	27	6.06076848519e-06	0.00101158536502763	0.0216248219551579	Brain_Caudate_basal_ganglia
ENSG00000103549	RNF40	-4.51817970459	-0.0964821612707	6.23735370813e-06	0.167287058905	0.0560448327397	0.017719388643	0.0220705098853	36	47	47	6.23735370813e-06	0.00101158536502763	0.0222548780306078	Brain_Caudate_basal_ganglia
ENSG00000103549	RNF40	-4.50993394155	-0.105164580334	6.48478157588e-06	0.123217757486	0.165689526449	3.85982317256e-05	0.000147406011904	16	18	18	6.48478157588e-06	0.00109623688544638	0.023020974594374	Brain_Cortex
ENSG00000145217	SLC26A1	4.48123513171	0.124915759317	7.42122942231e-06	0.105532455466	0.291350563372	2.36014318895e-08	2.99953162957e-07	16	35	35	7.42122942231e-06	0.00106529770611256	0.0228499653912925	Brain_Nucleus_accumbens_basal_ganglia
ENSG00000178226	PRSS36	-4.47582333663	-0.102323192813	7.61174067375e-06	0.137770722917	0.262694622849	1.50383348364e-07	1.50447331191e-06	7	7	7	7.61174067375e-06	0.00106529770611256	0.0234365495344762	Brain_Nucleus_accumbens_basal_ganglia
ENSG00000120071	KANSL1	4.47486789897	0.156154193565	7.64585696321e-06	0.0603623257959	0.0781383664276	0.0174061538859	0.0285929321139	10	18	18	7.64585696321e-06	0.00166314628748228	0.0199251032461253	Brain_Anterior_cingulate_cortex_BA24
ENSG00000102547	CAB39L	4.47451802592	0.0591439146335	7.65838658856e-06	0.401584059736	0.267575052514	3.27806467213e-06	3.59152279769e-05	73	74	74	7.65838658856e-06	0.00166314628748228	0.0199577554497874	Brain_Anterior_cingulate_cortex_BA24
ENSG00000187010	RHD	-4.47304580331	-0.13146889723	7.71132514075e-06	0.128791450292	0.406225545819	2.90847552925e-12	6.91962257976e-11	7	11	11	7.71132514075e-06	0.00124432746589375	0.0273752042496625	Brain_Cortex
ENSG00000187987	ZSCAN23	4.47084618959	0.0886135853825	7.79107175634e-06	0.15143988329	0.143817536242	0.000480441915583	0.00227989421522	32	46	46	7.79107175634e-06	0.00134229036259229	0.0187920650762921	Brain_Hypothalamus
ENSG00000162877	PM20D1	-4.44884082829	-0.112549900381	8.63349652395e-06	0.105611104381	0.0785872373135	0.0107435037013	0.020806724574	25	27	27	8.63349652395e-06	0.00119401256926229	0.0238802513852457	Brain_Putamen_basal_ganglia
ENSG00000188672	RHCE	4.44541442598	0.121060655797	8.77225948306e-06	0.124728742528	0.349717775885	5.40700123288e-10	1.11556804592e-08	9	13	13	8.77225948306e-06	0.00146081205286325	0.0277554290044018	Brain_Frontal_Cortex_BA9
ENSG00000126561	STAT5A	4.4360897157	0.340682708089	9.16076813675e-06	0.0111975570203	0.0706149773917	0.00753640506733	0.0111953807789	9	16	16	9.16076813675e-06	0.0014211139439967	0.032685620711924	Brain_Caudate_basal_ganglia
ENSG00000124635	HIST1H2BJ	4.43413964661	0.139346186659	9.24406957814e-06	0.0554430303277	0.0568312339732	0.0244652287096	0.0226052222417	17	19	19	9.24406957814e-06	0.0021350007242062	0.0385107938625312	Brain_Cerebellar_Hemisphere
ENSG00000117280	RAB7L1	4.42292929919	0.116261437981	9.73716124818e-06	0.0974809646466	0.175677511502	4.34804723258e-05	0.000111030935106	20	23	23	9.73716124818e-06	0.0021350007242062	0.0405650137599179	Brain_Cerebellar_Hemisphere
ENSG00000188672	RHCE	4.41361613416	0.0683184835186	1.01658144622e-05	0.270406746235	0.422383889791	3.93356296097e-11	2.05791738913e-09	19	19	19	1.01658144622e-05	0.00133898299059263	0.0281186428024452	Brain_Putamen_basal_ganglia
ENSG00000187010	RHD	-4.40048563647	-0.195100984496	1.08008877335e-05	0.041914789748	0.205409203836	5.7158218522e-06	3.70751701915e-05	7	13	13	1.08008877335e-05	0.0017087004394397	0.034174008788794	Brain_Frontal_Cortex_BA9
ENSG00000129214	SHBG	-4.39534086459	-0.170194623527	1.1059906362e-05	0.041554425009	0.056639207168	0.0195473433128	0.0242951662071	12	13	13	1.1059906362e-05	0.0017070725037	0.0392626675851	Brain_Cortex
ENSG00000178226	PRSS36	-4.38435689026	-0.122077220028	1.16328926567e-05	0.0932572658825	0.241112156933	3.7862810458e-07	2.46430404933e-06	9	10	10	1.16328926567e-05	0.00172069870547021	0.041296768931285	Brain_Cortex
ENSG00000131055	COX4I2	-4.38060144411	-0.210975055455	1.1835217628e-05	0.0344435113439	0.0900784581094	0.00241461804657	0.00445489476097	5	10	10	1.1835217628e-05	0.00175950235402933	0.042228056496704	Brain_Caudate_basal_ganglia
ENSG00000214447	FAM187A	4.38033344834	0.139852326889	1.1849783593e-05	0.0732024435341	0.0654088069225	0.0155622443698	0.0156123871177	41	46	46	1.1849783593e-05	0.0024683099224219	0.049366198448438	Brain_Cerebellar_Hemisphere
ENSG00000103932	RPAP1	-4.37908638238	-0.141261884781	1.19177888133e-05	0.0630555307703	0.065829650159	0.013557088362	0.0207630076297	12	12	12	1.19177888133e-05	0.0017956135145372	0.0377078838052812	Brain_Frontal_Cortex_BA9
ENSG00000112357	PEX7	4.37233114893	0.122822084652	1.22926881817e-05	0.0780146093919	0.0659635360277	0.0294180224861	0.0414606376704	37	38	38	1.22926881817e-05	0.00246421118473155	0.0320347454015102	Brain_Anterior_cingulate_cortex_BA24
ENSG00000100417	PMM1	-4.36506075082	-0.224117480428	1.27087433785e-05	0.0243867249238	0.055905552591	0.0178654419778	0.0221791485247	5	6	6	1.27087433785e-05	0.00181034165726966	0.045344796374488	Brain_Caudate_basal_ganglia
ENSG00000188672	RHCE	4.36248366947	0.165813271591	1.28594187623e-05	0.0647997602002	0.131068090825	0.000289540707677	0.00079450252507	11	16	16	1.28594187623e-05	0.0018260374642466	0.045650936606165	Brain_Cortex
ENSG00000204178	TMEM57	4.35689665555	0.221166184937	1.31919515384e-05	0.0281413558674	0.0763466547007	0.00539013534749	0.00856990468269	8	10	10	1.31919515384e-05	0.00181034165726966	0.0470688830890112	Brain_Caudate_basal_ganglia
ENSG00000178952	TUFM	-4.34807586819	-0.160683282565	1.37337099596e-05	0.0661574017876	0.0956416081853	0.00255821476626	0.00560920764515	13	17	17	1.37337099596e-05	0.00183852578111341	0.0422860929656084	Brain_Nucleus_accumbens_basal_ganglia
ENSG00000162877	PM20D1	-4.30967721846	-0.0772703168988	1.63492998627e-05	0.19282182052	0.30405563493	9.55971106543e-08	2.08610401267e-06	26	26	26	1.63492998627e-05	0.00271507373053238	0.0407261059579857	Brain_Hippocampus
ENSG00000103510	KAT8	-4.29708368362	-0.0889693081362	1.73059874541e-05	0.135860663035	0.0786331355205	0.0170398236973	0.0282464850891	26	34	34	1.73059874541e-05	0.00322138595038461	0.0450994033053846	Brain_Anterior_cingulate_cortex_BA24
ENSG00000138722	MMRN1	4.28961376703	0.0716772802452	1.78984110604e-05	0.232692601676	0.0863475461354	0.00775399854831	0.0175825770638	47	53	53	1.78984110604e-05	0.00278655887196603	0.0445849419514564	Brain_Hippocampus
ENSG00000180336	C17orf104	4.26983745613	0.0564769966266	1.95615474872e-05	0.489264911715	0.143744123736	0.00048217887449	0.00228056071222	83	93	93	1.95615474872e-05	0.00314549683594176	0.0471824525391264	Brain_Hypothalamus
